# Created by Octave 6.1.1~hg.2021.01.26, Wed Aug 25 17:01:56 2021 BST <leon@pop-os>
# name: M
# type: matrix
# rows: 5
# columns: 5
 -2.1808259475279326 -2.1412437723291631 -0.68184825158554585 -0.078540700055199503 -0.88915489928972458
 0.39876666204170025 -0.43212662095978577 0.70600028870323406 0.63214439844282899 0.48286861627924194
 0.10360522737882484 -0.97390675679608085 -0.99775158410817077 -1.547241890346204 1.2939565859865438
 -0.42839042727199372 0.23951079669491693 0.11492748346000332 -0.61065613505888205 0.8861302397035109
 1.6918278229943859 -0.76875513406587614 0.73061469922480404 0.021715456291055209 1.3199371470250167


